1 0 0 0 0 1 0 0 0 0 1 0
0.998927 -0.0414938 -0.0205597 1.92466 0.0422812 0.998326 0.0394699 0.0142178 0.0188876 -0.0402968 0.999009 -0.0627046
0.999994 0.0010437 0.00336059 3.62776 -0.00117851 0.999184 0.0403656 0.0277064 -0.00331572 -0.0403693 0.999179 0.25271
0.999538 -0.0303049 -0.00251451 5.56638 0.0303778 0.998837 0.0374468 0.0709682 0.00137676 -0.0375059 0.999295 0.19397
