1 0 0 0 0 1 0 0 0 0 1 0
0.999688 -0.00590758 -0.0242762 1.96382 0.0066361 0.999527 0.0300394 0.0104125 0.0240872 -0.0301912 0.999254 0.0418832
0.99988 -0.00425067 -0.0148881 3.76107 0.00481729 0.999257 0.038232 0.0409848 0.0147146 -0.0382992 0.999158 0.226701
0.999903 -0.00756029 -0.0117263 5.6307 0.00792281 0.999482 0.0311836 0.117424 0.0114844 -0.0312735 0.999445 0.17212
0.998192 -0.0407963 -0.0441395 7.43014 0.042676 0.998184 0.0425162 0.135116 0.0423248 -0.044323 0.99812 -0.01122
0.998548 -0.0288604 -0.0454835 9.34013 0.0309656 0.998448 0.0462799 0.144477 0.0440773 -0.0476211 0.997892 -0.0920541
0.998191 -0.019404 -0.0569007 11.1973 0.0206524 0.999557 0.0214331 0.19485 0.0564596 -0.0225694 0.99815 -0.193619
0.999025 0.0112847 -0.0426816 13.0414 -0.0109351 0.999905 0.00841504 0.217189 0.0427725 -0.00794011 0.999053 -0.0397603
0.99942 -0.00187672 -0.0340044 14.8697 0.000823883 0.999521 -0.0309495 0.227522 0.0340461 0.0309035 0.998942 0.127242
0.0145645 -0.999307 -0.0342411 16.0624 0.999594 0.0137136 0.0249554 0.998351 -0.0244685 -0.0345907 0.999102 0.168312
-0.00624347 -0.999151 -0.0407234 16.0485 0.999934 -0.00662875 0.00933064 2.94541 -0.00959267 -0.0406625 0.999127 0.116645
-0.0159978 -0.999057 -0.0403661 16.0262 0.999796 -0.0164802 0.0116483 4.74808 -0.0123026 -0.0401715 0.999117 0.305577
-0.0120833 -0.999415 -0.0319976 15.9836 0.998983 -0.0134556 0.0430272 6.37447 -0.0434326 -0.0314452 0.998561 0.644601
0.00935364 -0.999806 -0.0173361 15.966 0.997657 0.00815558 0.0679343 8.04414 -0.0677797 -0.0179309 0.997539 0.967046
-0.00645423 -0.999886 -0.0136749 15.9122 0.996208 -0.00761592 0.0866734 9.80478 -0.0867677 -0.0130637 0.996143 1.17482
0.00288028 -0.998988 -0.0448929 15.912 0.995633 -0.0013243 0.0933485 11.7817 -0.0933134 -0.0449657 0.994621 1.21409
-0.0101457 -0.997287 -0.0729118 15.881 0.996933 -0.0157467 0.0766612 13.5143 -0.0776013 -0.0719104 0.994388 0.945968
0.0248744 -0.994553 -0.10122 15.8695 0.996545 0.0166433 0.0813659 15.3695 -0.0792381 -0.102894 0.991531 0.811979
-0.99571 0.0013377 -0.09252 14.3427 -0.00994596 -0.99565 0.0926439 15.6801 -0.0919935 0.0931666 0.991392 0.643024
-0.997732 0.00362806 -0.0672152 12.6154 -0.00901592 -0.996752 0.0800295 15.6663 -0.0667065 0.080454 0.994524 0.324958
-0.998342 -0.00500998 -0.0573479 10.895 0.00164378 -0.998281 0.0585952 15.6581 -0.0575429 0.0584037 0.996633 0.0495142
-0.998175 0.000649268 -0.0603756 9.00127 -0.00477532 -0.997659 0.0682206 15.6639 -0.0601899 0.0683845 0.995842 -0.0578141
-0.997016 -0.0189088 -0.0748415 7.01544 0.012936 -0.996751 0.0795008 15.6667 -0.0761016 0.0782954 0.994021 -0.092104
-0.996943 -0.0290013 -0.072546 5.09825 0.0260639 -0.998815 0.0411141 15.706 -0.0736524 0.0390976 0.996517 -0.145573
-0.995031 -0.000506605 -0.0995663 3.17506 -0.00909904 -0.99534 0.095997 15.6684 -0.099151 0.0964259 0.990389 -0.102442
-0.996299 -0.0250062 -0.0822372 1.4155 0.0156483 -0.993525 0.112528 15.6734 -0.0845186 0.110825 0.99024 -0.341868
-0.996428 -0.0178398 -0.0825394 -0.372316 0.00801534 -0.992998 0.117861 15.644 -0.0840641 0.116778 0.989594 -0.537976
-0.0309563 0.995202 -0.0928115 -0.250116 -0.992013 -0.0192311 0.124663 14.0028 0.12228 0.0959293 0.987849 -0.281338
-0.0292034 0.994118 -0.104291 -0.249913 -0.990632 -0.0148598 0.135749 12.0972 0.133401 0.107278 0.985239 -0.171161
-0.0364532 0.996155 -0.0796674 -0.259875 -0.98959 -0.0248765 0.141751 10.1937 0.139224 0.0840053 0.986691 -0.0706817
-0.0468497 0.996112 -0.0746051 -0.261158 -0.985965 -0.0341326 0.163424 8.19736 0.160242 0.0812145 0.983731 -0.0553257
-0.00791299 0.997167 -0.0747958 -0.224997 -0.985253 0.00501019 0.17103 6.26705 0.170921 0.0750462 0.982423 -0.0154172
-0.0454268 0.993713 -0.10233 -0.255428 -0.980445 -0.0247153 0.195236 4.377 0.191479 0.109198 0.975403 0.06983
-0.0268023 0.998811 -0.0407175 -0.317746 -0.98175 -0.0186292 0.189259 2.80179 0.188276 0.045047 0.981083 0.43307
-0.0756621 0.996533 0.0346026 -0.417702 -0.981726 -0.0805249 0.17242 1.34927 0.174609 -0.0209246 0.984416 0.892265
