1 0 0 0 0 1 0 0 0 0 1 0
0.999718 -0.0188014 -0.0145116 1.95578 0.0186046 0.999735 -0.0135779 0.0134449 0.014763 0.0133041 0.999803 0.0465473
0.999936 -0.0105008 -0.00409355 3.81867 0.0105019 0.999945 0.000245005 0.0530486 0.00409075 -0.000287978 0.999992 0.151645
0.99988 -0.0152726 -0.00257698 5.70553 0.0152657 0.99988 -0.00266416 0.143616 0.00261736 0.00262451 0.999993 0.11452
0.998444 -0.043084 -0.035416 7.49114 0.0433322 0.999041 0.00627113 0.18715 0.0351119 -0.00779603 0.999353 -0.0817078
0.998676 -0.034854 -0.0378336 9.44159 0.0357268 0.999105 0.0226434 0.207613 0.0370106 -0.0239651 0.999028 -0.124519
0.998737 -0.0121193 -0.0487562 11.3203 0.0146034 0.998596 0.0509218 0.266114 0.0480707 -0.0515695 0.997512 -0.198176
0.999006 0.0120763 -0.0429223 13.1972 -0.0101855 0.99898 0.0440015 0.293301 0.0434099 -0.0435205 0.998109 -0.0900505
0.998902 0.00861068 -0.0460582 15.1499 -0.00662532 0.99905 0.0430857 0.286602 0.0463855 -0.0427332 0.998009 -0.0369604
0.0289191 -0.999007 -0.0339092 16.2019 0.999161 0.0279062 0.0299736 1.2063 -0.0289976 -0.0347475 0.998976 -0.00385263
-0.00509286 -0.999931 -0.0105745 16.1751 0.999713 -0.00533867 0.0233458 3.09483 -0.0234006 -0.0104526 0.999672 -0.103317
-0.0132668 -0.999436 0.0308669 16.1674 0.999648 -0.0125477 0.0233734 4.8372 -0.0229729 0.0311661 0.999251 -0.353296
-0.018437 -0.998892 0.0433073 16.142 0.999831 -0.0184137 0.000940317 6.43264 -0.000141826 0.0433173 0.999062 -0.737081
0.00395298 -0.999537 0.0301706 16.1325 0.999808 0.00337046 -0.0193349 8.21922 0.0192243 0.0302412 0.999358 -0.958977
-0.0106491 -0.999365 0.0340075 16.0933 0.999784 -0.0112491 -0.0175006 10.1232 0.017872 0.0338138 0.999269 -1.02464
-0.00983251 -0.999283 0.0365734 16.0812 0.999615 -0.0107728 -0.0256045 12.0936 0.0259802 0.0363076 0.999003 -1.05805
